-119.64811146816355 -94.76574870907183 -114.61452699459551
-132.4828224125448 -134.2168154484507 -117.8631237652506
-119.77118940521542 -175.56920770621613 -120.84882262374302
-120.72128578057583 -205.27417336092688 -98.71709157295204
-102.8738588932792 -98.06237066388579 -105.54894931637318
-89.20346250837085 -128.97379144543325 -120.46576728854768
-120.17656749621304 -171.25486014461836 -40.905193274100014
-118.77859510245621 -105.79014970492084 -119.24401179650289
-112.96504226143622 -78.35303583201494 -119.39266858464713
-119.37584016104398 -131.80165290709922 -119.41705654343288
-119.38861440328137 -119.88821950931532 -119.43511834752937
-119.39963570014505 -143.1382694478716 -90.35518411425687
-77.39162440424447 -75.48730974642203 -75.2329792510683
-77.41355906032119 -181.26645050835558 -86.12323131441576
-75.99004690736628 -94.35932196212357 -75.984905803049
-75.73233685254708 -76.18242961586603 -77.15168751126284
-73.04342187006907 -161.13222481034495 -74.4790556343536
-73.0719809095709 -152.11274912180505 -72.60500825208398
-71.15749233067915 -79.07978803913066 -70.6636349780539
-70.68793335538611 -70.74104068345493 -71.7127558867555
-68.57701212017882 -45.39831291546224 -64.52113123070949
-41.61477832258891 -69.82973873819174 -66.8402834528281
-49.03962895234571 -70.71030186724602 -68.5871669310255
-62.62620402019204 -70.28808233615561 -70.9659683563373
-78.8557997936285 -92.711588095985 -44.345693862562136
-54.92110402130341 -150.82563890060172 -40.87143765402172
-55.490088911384525 -63.73776825102133 -35.98567998399281
-43.46514617862029 -31.33959373311647 -53.83396287385785
-51.82832815110595 -50.94196906862411 -50.90401771246186
-50.29571570403846 -51.3232904705948 -50.56844724214598
-51.746491781830265 -54.459781756344825 0.51911549048598
-52.50082433115277 -54.69949740750492 -51.925443997236464
27.681505429785883 -153.07070525837736 -50.33950701292818
-13.144419517640202 -100.98209292204024 -50.06535384194266
-49.87990729871863 -51.715093779011035 -16.29386006751365
-49.685947267110095 -7.232826033738654 -49.21933127040566
-19.438861054525248 -105.16221439357602 -30.231802411171504
-30.483679106335416 -63.29037464961185 -29.699740148165873
-28.52753990976215 -32.26263103704519 -20.943051576870396
-28.038425906884 -22.336515121353514 -28.119679894723596
-27.420308067984987 -115.4104601352518 18.02010980320182
-24.547308561700138 -29.80916535650325 -19.123920157207504
-16.601177799701375 -157.67913613196694 -43.47393954191349
-14.40062030091243 -92.44285391203022 5.354620459013773
33.06583142462608 -42.548798004001554 38.51564389368372
29.115520191486592 30.066396775162943 103.43382428477175
41.76306585375532 203.3607542044503 38.77682659761329
37.545851669242566 -15.003770093157009 35.34541935053175
148.2863596442355 -15.515600767328053 3.491590951320678
21.165386846505676 -51.872995019861335 24.51425925157499
23.83723887361701 137.69737489807787 48.81325764344117
45.15532267299127 -26.62576404283579 -3.4075999999999995
953.5270552618698 91.31614112503568 354.0085798679061
567.8756544319639 -122.82008007148131 172.87179839303624
230.79967350323588 170.27713337114253 886.5294727830011
656.8507919177594 1065.5124321928188 203.47722817419458
-73.60493301873086 -63.75050125650861 -74.22265503456809
-142.40531375877674 -78.23691560810002 -76.96136542742592
-76.05018029002467 -145.31857653679214 -75.47991449003779
-74.91474707655797 -147.5175747743904 -75.6977619785618
-66.10908896059408 -122.30382170629184 -65.64031154338349
-65.89381689334093 -65.63246139007153 -123.0275556904898
-65.05269311405405 -152.268871352942 -65.416873941363
-65.13481852914137 -170.76147291399448 -65.63578327825961
-30.973148456525287 -23.762645016388305 -31.7461649121888
-30.392378412861866 -44.644432992529666 -36.99736261103016
-35.53761401386365 -55.08136838581261 -32.899551904281964
-32.968426777408894 -148.99782501562942 -29.206292424996843
-106.71300395105918 -176.20320102249266 -105.74051075169886
-106.26690549712717 -118.4619924883471 -106.62770809390594
-106.23593790526485 -179.12819930568318 -107.13803279256787
-106.51399422209644 -110.16132734406452 -106.32388214840051
-53.09138798105682 -150.02332601333325 -47.52392122697661
-47.94274847154767 -113.81543920800607 -43.205164767501536
-43.72723329266816 -93.01885214094854 64.56782426937085
-56.7516292794876 136.17063534527367 -54.993683052642396
87.1774682271433 -139.70690337908343 -42.15814166306195
31.2978224539559 -44.90429589229307 -42.681460738558144
-42.60055882527842 -88.31880214817802 -37.01295703166792
-41.561438623977324 161.3816982083442 -41.619690548876264
11.23234328819835 -104.45365249463904 -98.43190393483387
-35.79344944615815 -52.930496810396534 -35.64805133683545
-35.59713003428486 -64.0820008589564 75.11361789386396
-35.381728138833616 172.16846814814105 101.56042797281272
114.77558380234908 204.6043340082696 98.37886053266052
174.6445511284071 -16.883299698119846 60.13396147173587
90.46512269766609 -176.95661823155592 -26.886366636028246
-22.17066556534872 -77.79094361524156 182.18064520223126
14.036223270965776 673.0999554670817 9.70275465786797
385.3680643699756 -89.00987383237603 6.940578686245908
234.86019109179432 -13.223867123048382 -4.77822107
101.99946163191689 -136.8058453219834 -132.22114933808513
184.8651050440942 1002.5546125272355 402.22377221958504
764.2304481512768 163.75580545600863 -0.7
645.0495968950311 3.450550862712944 272.76425770416387
468.5480368479656 350.0088756855157 241.9695040116245
